1326
4055
9224
1812
2762
-2536
-9978
2299
-2775
-1363
2265
1730
4522
-9583
-58
-8456
-3559
-1275
-6333
4341
-5039
7091
-9797
780
5303
4919
5495
3066
-9138
4885
-567
-8433
-7290
-8954
-3166
-4201
-421
3634
-6978
-3391
645
2916
-9159
9940
780
515
4529
-8336
1994
1536
-2566
1667
3188
-7682
5107
4235
3851
-1557
6510
7844
1970
-3044
1436
2340
9204
697
-981
3476
3583
-5858
1966
2807
-4298
7059
-6304
2046
6250
-9736
10000
-5213
-9611
3831
-8928
-674
-2549
7766
-1621
-9609
-4060
2600
1948
-8865
7124
-4821
4640
-6312
-8521
-1499
-9265
-9917
-8505
-8947
-1919
-2149
9571
4627
-4035
6130
8623
-6939
7985
3587
-1557
1723
7454
8139
-4117
-7890
-5112
-8562
-7683
-1373
-2464
-9017
2195
830
5683
-9478
-7581
-9993
566
-2251
9529
9917
-6708
9337
-4250
3222
-244
2824
1801
2250
-8231
-7122
4615
8361
2693
-4599
-2274
6501
7805
9370
-6388
9298
7766
2868
3517
-2903
5656
-1259
8945
-4558
3710
8616
2495
236
4058
-1474
-1570
8117
2389
2662
2355
2065
-362
68
-3142
-5343
-3631
3834
8137
282
2797
-4082
-7798
1197
-5864
-9769
-7849
424
-4180
8653
7566
-8986
3880
-3642
8540
-6847
384
-5622
-5698
-5834
6972
-390
-5888
-4857
-2986
1548
-341
-2303
-3991
-1140
-9272
-8178
604
-1337
2646
-2209
6413
-8702
-3900
3827
-3625
8007
2297
3737
5097
1340
8185
-6721
1528
-6295
4273
-8010
-469
3971
3310
-6813
-8194
7059
-5818
2588
572
4454
-5586
6961
7924
5744
411
-4783
3712
749
-3260
-914
8278
476
7791
8966
7313
376
47
5675
3364
-3620
6170
-7696
4587
8738
2291
6633
5353
-541
-4016
9355
7116
3512
-6746
1922
3592
5337
5813
9354
-9072
2968
-432
-9221
6965
-4813
-6287
9056
6180
4345
-4126
1431
-2988
-1493
9225
-5808
8284
-7890
-7626
9186
-6548
3778
-135
-5748
-5236
-2614
1970
-5234
-2778
-4131
-4627
-8024
4563
693
4746
-9605
6812
5391
-4660
-601
5025
3236
-9547
-8993
-6415
4554
2342
-1392
4288
9062
3638
1482
2963
6627
5901
-2850
-6898
-4685
6016
-422
3217
8947
1833
310
-1028
-6103
6869
6319
3761
8829
-2619
-7107
6770
2975
-5839
217
3325
-1143
-9333
211
5045
-6638
479
-1839
2232
3892
-986
7936
4793
-2404
7293
1496
9375
5762
6183
6078
-8598
143
2036
9688
7685
6023
4847
5459
1681
744
4712
9988
2466
-4316
3826
4245
-5352
-4195
4534
-145
-1532
-6328
8079
5080
4884
8934
-8474
-3835
-8464
5885
-6482
-8992
6793
-1917
-1186
-6818
6822
-9021
2526
9023
-1485
5021
6481
-8513
9181
-973
-4531
-892
3770
-6953
-3153
3570
-8772
-3673
-2390
7731
2064
6956
-5196
8752
4496
-1318
3923
5796
-2775
3704
-6806
-5618
6871
644
7424
-6331
3279
5512
-8661
3448
-2808
6592
5900
-4143
3464
2419
2395
8489
-963
-52
9781
465
-9527
1083
1118
9867
6176
3774
-5474
9834
-8902
-9316
4262
-4523
-4168
-8913
2238
-6874
-4376
-6822
-9710
-4283
-5013
4162
539
5473
-8944
8947
-4712
-7923
6287
5434
-3242
7277
3923
2730
-6091
-4213
9526
7557
-2507
9506
985
-8494
2350
-3493
-7671
423
-9976
2377
-9819
-731
2864
-4141
-343
4063
-4523
-3689
-9456
5645
8811
7229
-1515
-7551
-6454
-4336
3927
6985
1554
3103
7178
-3550
-6400
-1932
5685
-9215
4732
-6519
-8188
-5969
3143
634
8922
2912
-8104
-2982
-7430
-9101
-2380
9861
-2748
7599
-4758
-6119
8747
265
1020
-1464
7961
-3314
2580
-4655
8869
-3078
5199
3731
-4332
-5204
174
-1128
9332
-8004
-5502
6513
-7498
-1823
8307
5574
-9448
6529
-6907
3028
-635
1694
-4150
9580
-8793
9720
-679
-4580
-235
-3804
-4479
5127
1452
-2202
1765
2000
7714
-1835
-8651
7775
725
8748
-9471
-4745
3100
-1271
-8622
570
1958
5447
-2017
-8569
-6408
9553
5980
-2825
-8928
5620
2523
-4052
5475
-5247
9107
3135
6476
-628
-4939
4704
6413
-3693
7861
2388
5179
-4681
-7698
617
1165
-9406
-3521
2478
8341
8752
3463
4319
8214
-5911
1535
1899
1819
-5411
927
-7907
5642
5402
-7701
-4028
9642
-2606
-1220
-6272
-6333
-3325
4157
-4349
7587
5595
-3747
8273
7250
-4638
6011
-9523
-860
-9955
-2393
6723
1291
-5213
4922
2387
7837
3163
-7115
1823
5380
5767
6746
9778
-6981
6331
976
-6230
1815
-7249
-1190
1666
-5406
-2189
6733
-7382
7836
3262
4650
-3544
-1422
450
2954
5597
-2206
-4423
4681
4854
2473
6394
-4109
505
-6210
-7667
271
-8181
8850
-3524
5254
-9082
4386
2241
-1337
-3611
1235
5942
2128
-6521
-1945
2303
4551
-5425
8513
6429
-6755
-5070
-7187
-8851
1983
7443
-8351
6123
1298
5422
6860
8305
-2125
-7739
7541
4913
-6231
1360
8009
3731
2070
6338
-8213
-3436
-5638
1852
3449
1202
-3202
-9831
-8158
-8684
1993
-2639
9089
-4659
9007
7700
4493
7811
9269
8264
-9057
3241
-471
2930
-1933
-133
-4061
3143
-1466
-6809
-3434
-5219
-5642
-3092
-6858
6249
6787
-9869
-6007
448
-676
1128
3579
5544
-3688
-9487
-6828
2199
5906
-3931
6868
-9803
4462
3806
5395
-1454
7035
1433
-6215
-6418
-4737
3656
1636
8652
4750
-2789
-6997
2181
-7802
-7243
-9087
4361
3818
-1179
-1061
-185
9662
3986
-3383
-2447
-3306
3740
7237
-7536
-3676
-3631
319
552
1514
4597
9214
-4646
6347
-9590
-4816
5669
9492
4928
-9206
9101
7511
992
0
3148
-4844
-7494
-3621
-4359
-5133
-4421
-1116
-6951
-5185
6232
6888
1523
6419
-828
2328
-1620
6893
2451
-9334
-2398
-6456
5559
8015
3407
-6364
3271
324
-5266
3192
-2483
42
5703
-6261
-5912
7309
-6183
9990
-5322
-4315
-4065
-4288
6165
-9461
-9886
-6477
3662
9251
320
-7401
2414
-7792
-4940
325
-7602
-396
-403
-5509
2973
-7996
1596
5255
-5850
-142
7299
-3811
-8815
-2217
2330
1864
-1490
-1610
2214
-3235
4732
-8111
-2621
5020
7901
-116
-25
4020
-9996
-7866
-9223
-4691
-5018
-4623
-8659
4484
-2289
9327
-2983
-7326
4089
680
-8438
-3694
-6759
3925
-7663
-4122
-3080
8456
4090
-5977
-6
8295
5593
-9492
-7776
4578
-3409
-6912
2030
7576
5251
-7985
-919
1989
-8793
5808
-3559
7846
-5847
-816
-8627
-460
2676
-5948
-9673
-8927
1778
-6025
-2454
-5904
-2900
-8452
-1955
6755
5315
-3313
-216
-9167
2259
3133
2736
-6071
645
6514
5430
9548
7226
1252
2718
-3471
9438
-925
4303
-5095
-7350
-9547
-4381
1541
-9819
-8849
-7200
-7385
5543
-2067
476
3702
3971
2326
6675
4520
-3976
-4392
-4414
1020
6449
7445
8896
6163
-1378
-9220
-6152
-9474
1258
-8984
-5341
8026
-2755
-6861
4104
4862
-8932
8243
-9348
1108
333
121
-1614
-7289
-3963
-8272
-4424
-5101
4578
8198
-9495
3829
-6512
-6718
-1543
-4795
-8442
-543
-7081
9402
7303
-7727
1357
4526
-6726
2451
-3544
831
8222
-8187
3452
-2219
-5044
4479
-9313
-3672
-942
6185
126
-3106
5204
8950
-4051
3061
-9489
830
4537
-6038
4682
-1101
3303
1612
5324
-8749
3805
-1941
8764
3861
9437
3586
5272
4745
-3323
2765
-5254
2724
-1127
-990
-7405
-7871
6148
-4627
9331
6025
-5802
8354
6325
8297
4015
2445
7914
-7507
6150
-677
-1490
-8161
2458
-6295
-9327
2629
-2436
5198
6748
6540
1622
-9542
2272
3184
-1686
-2213
-8044
-4473
-8633
2553
2751
-2070
2281
9299
7054
5452
1734
-9533
9846
-3008
5673
2778
8596
7354
-5746
-7094
-9734
-4832
-1664
-33
4565
-9050
-1375
-7209
-5598
-6260
-3919
-6860
-18
-3772
488
2386
-8874
-6403
6573
-9421
-441
3160
-3348
-4778
-9106
-2904
5352
-244
-9134
8845
-8138
4919
-1070
-4592
-2480
6789
7192
1400
7988
1800
9305
-511
4896
3313
-630
-1406
486
3618
6504
-6714
1652
4999
-9220
-6326
3347
-2893
8517
-6886
-927
-2532
-4401
8870
-8075
-4442
-8123
1163
4211
-5427
8708
3700
5195
-274
-4390
-5228
-8725
-9930
8264
3339
5852
2301
6611
-8267
3253
7580
-2808
-3136
4138
-4745
2061
-9587
8272
4077
-7673
519
-3799
-9565
-2436
-663
1436
8208
4383
-4088
4910
-7196
-1908
-8075
-612
6009
-7601
3277
-1157
-4822
-2737
6773
858
-6135
-4383
-5655
8366
5014
7025
-1044
2513
8294
5428
-8882
-2602
5092
8572
-9160
2507
-1073
-8098
7645
7918
699
-3177
448
-512
-4734
7476
8130
-7145
8784
1571
3094
-3186
-4445
9661
-7665
4819
-6782
971
6423
-8818
-4573
3400
6617
-2624
-3026
4528
4297
7437
-8441
-9230
9917
-6725
-382
8855
-9842
7042
5169
4858
3100
7538
8895
-3900
3729
-3277
-7666
4304
-8158
5431
6236
-3978
-712
7956
-4520
6462
2491
7300
207
-6928
-7487
739
-6822
-9307
-8704
8014
1655
-182
7196
-3299
9502
-4706
9650
-1640
7872
8885
-7712
9327
9671
-107
-4958
2670
2685
8867
-8799
5538
1482
-8040
7796
3157
-3637
-7141
-3166
2096
2345
-7640
4360
8202
-5196
5715
5068
2516
7109
5142
5929
941
-3628
-9072
-9916
-3404
4174
3165
7629
-9686
8031
-157
8055
-5689
9492
-4242
-3469
-305
2023
-5961
-9663
6643
8460
-2446
6016
5512
-5475
-5914
4522
-6045
4825
2526
5562
7543
-7062
260
-834
554
-8124
1200
8983
3199
-4769
-3480
4066
-7499
-5694
48
8710
9046
-816
-4627
-9508
3069
4804
9286
2482
8818
-5088
-5428
-7930
87
8643
3673
-4511
-4496
4282
-9489
-8627
-768
6593
5978
-2182
-9177
-4944
-2861
1411
1939
3488
3515
1206
4478
-4624
5477
4772
-549
2034
-7508
-7262
-6348
7778
348
-4359
7304
-871
-1104
4556
1558
-8969
-1438
-1780
-6206
-1325
-522
-7548
3206
7556
9669
-1987
-2335
-2126
-9458
-4670
1398
3367
-2407
-5290
-6834
8901
6038
3471
1789
7773
7721
1454
-3755
336
515
1695
6161
2584
9854
908
-5074
-4705
-2589
-4197
5899
3024
-8435
1896
2365
4480
5074
5778
7236
-4982
4244
-6064
-8465
-5815
1390
2658
-5006
5091
6431
-3979
954
8024
6208
-7130
-2960
-2026
1853
5082
-1979
-366
-9597
-3897
-4044
-8210
-1188
142
7335
-5859
-8894
7310
-7301
-8058
4218
-8774
6092
-3422
159
1975
-8807
-2804
-4086
-165
-1136
-8611
4849
7875
6817
8696
-5145
-5610
-7373
9993
-2243
-2399
-5386
-1859
7981
9746
5374
-8753
5323
-9148
3985
9122
-6678
-988
-6194
4981
-3221
-9538
7815
9878
3888
-9175
-6280
568
7239
-5434
-3058
937
3326
8640
9286
6716
4682
-7294
4186
-3384
6613
-2049
-1402
414
6602
9947
1873
-4938
5851
-257
8067
-4163
4069
-8165
1917
-5607
-3424
-7251
-3896
-3069
-6119
4047
902
3414
2803
-5564
-2079
6684
-8434
7270
-5561
-9384
4826
7190
8369
8828
1864
-2600
-6724
3941
-1048
8659
4718
-2504
-3500
-8896
6869
1491
-3277
4893
140
1932
6602
-2746
-7265
-7435
7049
5185
7611
2165
2026
5190
-6505
8581
-4697
7451
1011
6880
-6533
3089
2529
9176
9474
2164
7979
-4777
9330
-6594
-3087
1698
-2432
6430
-40
-3326
-2870
2507
-5986
-2429
4454
5803
-8222
6680
-210
1111
-8086
3763
5163
6137
-7807
-950
94
9989
-1976
3634
-7637
965
2459
-5562
-724
7512
-6764
3643
-1729
-4088
-5404
5596
-4771
6821
1451
2796
3436
-6561
-7575
-2336
1310
5850
-614
-1637
249
-5784
60
-6808
-8788
7864
-8396
-2420
-1594
6327
-5689
6166
-9952
9577
8296
6942
2567
-1864
-1591
-6123
-3486
-3682
-1467
8342
-5315
-602
5614
-3346
7563
-9640
-7677
-3487
-8422
-5904
4189
-4941
-2548
-9957
2430
407
-5692
7017
-2810
-1097
2510
5286
2747
3860
-4856
-4517
5097
-6826
-2559
-4492
-8152
-6070
5683
1719
8508
1815
-7750
4951
17
-1954
4003
7798
4587
5953
-4613
3236
-510
2524
5706
8002
9569
-503
9129
9631
-4168
-600
6651
-8247
-8490
2079
-4737
9150
9073
6071
-7753
258
-624
5733
-8464
-9386
-1844
-642
-3000
9145
4900
4713
-9301
6795
-1527
1908
5993
-7427
-2532
-561
-4060
2351
-5198
6053
-4114
-893
5165
-9504
3440
7938
-7218
4854
8725
8517
3705
5129
-6141
3757
987
5091
-155
211
-7503
9985
-5269
1119
-1299
9857
3281
-398
6087
-7310
1681
-366
131
-103
-4544
3324
-153
2429
-4550
-2340
5918
-938
6362
-9955
5989
-7818
-6911
3344
-1952
-7765
1586
2378
9594
5729
-147
-5183
1322
4768
-9594
5309
-2784
-6163
-8149
-9908
-6827
-910
-1614
-6192
-327
536
-6090
8559
-359
-7815
4293
3435
-6377
-5315
5131
-3482
6767
9938
-8446
3851
1104
9304
41
4402
-9957
-9362
-7999
5079
2023
142
-9557
2080
-2789
6269
6873
-3102
3797
9282
-6330
7512
8326
3027
-7264
7408
-8565
6418
-8806
-3363
9637
3888
8542
-2722
-7717
-1999
-1012
-6131
9050
3984
-6236
-966
-1466
-1168
-3464
9499
-8258
-7787
-3776
-2646
-2187
-1767
2721
7485
6267
-5958
5526
8078
6567
2633
2966
-6375
9444
5365
5443
8135
1600
3165
-204
9210
-2719
3003
-2151
9814
5518
4636
-1023
-507
-3509
-6762
5666
9223
194
3841
8824
1404
-8834
-8944
1011
8242
2476
911
-2697
-3584
-8983
-9862
-409
3170
3389
-1599
-2102
-1423
2417
-2986
-9928
4810
-9616
2908
-8033
-8369
5065
-3968
1586
3329
6968
3744
3432
-4398
6541
-5961
6968
544
-7847
1555
-3266
6371
-4300
-8568
8796
5379
-4955
5808
6105
8091
5340
-2911
-3194
-6821
3769
-5986
1019
-1741
9089
-620
-6823
-3556
9326
3975
-551
-2726
-3293
-6012
6629
-650
1433
7355
-3577
-9139
-9720
-6298
-890
8952
4112
-3411
6586
9257
-73
3495
7989
-121
-3063
252
1834
2527
3020
-1291
1455
2774
-1623
-9710
7045
1726
1984
1522
-1329
-8943
9179
-3246
-3343
7985
-9335
-4056
-7102
66
4905
2068
4147
2500
2794
-6080
6517
-4170
5986
9571
-9664
6455
2154
-5898
6331
-7277
-4100
3650
2484
9991
-3343
7384
-3032
-7410
7919
5529
-9923
-6827
-3163
-9996
-787
-9007
-2647
-8232
7622
-9048
4563
8956
9980
-5543
-6227
1215
5740
2413
1185
2216
-1097
5077
424
-6067
2085
-2984
3460
-7092
-6592
7521
-4901
1556
4582
7265
-6157
3344
8993
5982
357
9344
-899
386
-3520
5379
-1839
-3055
3670
-1973
6217
5443
-8356
4555
1406
-4298
-3374
-4999
2750
-7097
-2080
-7804
-2467
-5555
8360
-9899
5853
-6994
-5626
-7286
-9386
430
2222
9759
-7944
1841
-6885
8518
-1404
5045
5773
-4860
3347
-4567
-3308
-2035
5877
544
-9850
-1121
639
8842
-9407
6090
-1939
-1839
1811
-5344
2026
-3621
9526
-4845
-7429
955
-2587
-4214
-6779
-8115
2499
9565
-7413
-1892
6405
7705
-2869
-7220
-1150
-7901
7753
394
-5776
-4692
-7144
5495
2076
-8228
-163
6133
1697
3895
-9970
8459
-3508
-7784
5519
617
-7431
-7609
8020
-9094
-5256
3992
8046
-9414
-3708
-7470
-7564
-7111
-1042
-4719
9312
-289
-3097
-8369
-7846
4218
-7701
-2924
8880
-4360
5950
-2911
188
8605
9534
-5872
-8384
4189
-7815
6514
-9789
-3542
-5920
6847
-4350
233
-2737
-7731
-798
-455
9336
-3053
-2826
-3585
4584
319
1555
-5140
-9939
-8699
-1682
5493
-6489
2379
-5044
7656
-6197
9442
-8948
-7836
-9086
-1752
-9296
2445
-4930
2853
-4369
57
5982
1922
-3045
-9971
7875
-665
-3695
-998
9916
-6228
-5979
-786
2573
6757
4127
-9117
-1804
-5282
-7054
1701
1890
-2005
-3570
-2179
-8783
-2962
-1369
1087
-3757
4730
-8655
-8270
-5312
-8502
-1122
-1860
4347
-1711
7619
4177
-3926
5955
7740
-9969
5421
1838
-409
-5843
4122
9821
-5752
-9648
-93
3931
8167
-2013
-4509
9134
8812
836
-9296
5218
-7241
-4815
-7573
-7709
-5474
1075
-2122
-4014
-3463
9907
-2900
-1230
-4374
5936
255
-3601
2401
-620
7447
-5527
6965
-3577
481
-9008
1823
758
-6669
-9109
-7352
5213
-523
-3218
3473
856
3195
2555
7604
3130
-2689
8517
6280
-1864
3283
-5658
3252
-8863
-1696
-7769
7733
9093
-3268
-568
3390
6231
8254
6337
4705
-8566
468
3769
-2257
-3013
-6663
1324
430
-9682
5297
4771
-7259
7701
-1205
9272
-7932
8930
-1806
-1171
3140
-3861
-2259
686
-7547
-8900
-6842
-6444
-1519
-9955
3392
7242
2603
6859
7850
6169
-7339
3543
773
-708
-5202
-8041
3913
2934
-4160
3534
9491
-9968
297
-2539
-2637
4460
-1963
-576
-6803
-1434
3694
9782
1316
-3357
-6172
9782
-7157
384
-3074
8056
-7833
-4118
9851
2626
6610
-1475
-1844
8902
-5970
1181
2226
4807
-5155
-1081
-8390
-6874
3259
-8981
2682
8932
-796
-6822
3662
-716
-7525
-7120
-7773
-5870
-4537
-4983
9116
-6472
-3993
-2215
1366
3608
-9819
7672
851
8838
-3697
-864
-4606
2017
6340
8887
4936
-7604
-4968
-9299
-3478
-8177
7703
-2006
-1149
8990
2221
567
151
3730
-3702
-5974
3438
9013
2065
-1302
-1200
7061
7553
-1997
-7056
5588
168
3844
2629
-9932
7784
-8356
2944
-6412
-2056
9831
9099
-5239
8496
7292
-4174
8013
8934
2377
-8614
-385
-2480
7122
2540
-7723
5698
-3618
9952
-2358
87
7876
-5157
7030
7758
935
1655
-6142
5366
-1217
-8795
576
7623
-3438
-4215
-3533
-5073
-1324
-9483
4773
-7129
787
8128
-4824
-3384
3330
-1933
3047
-8696
351
-5630
1402
-8307
-4698
3502
69
4988
-7932
-2996
-2440
-4363
-8032
-7353
150
1171
810
1992
-9042
1336
-3928
7350
-2979
-4136
-4821
-5230
9300
9748
9667
413
-5573
-7132
8609
-7447
-4985
-5588
-196
-1117
2321
3061
5717
1480
-7142
-8329
2957
-864
-9097
-1860
-2023
4006
5807
-8663
-2891
-8290
5232
3001
7349
-4462
6514
-9469
4202
321
5321
1656
-7423
-5308
-2972
9415
7632
-4262
-8633
-8073
9672
-2103
5620
4593
4491
-4650
2907
6044
-6134
1160
1771
-4339
4607
-6910
5760
6899
-2678
2014
-2937
-5734
2369
1789
8860
-4604
6160
1203
9095
-1735
-7892
-8511
508
-7761
2639
3879
-8335
9212
-3909
-9361
8511
1999
2631
-9530
6666
-6959
8551
-341
7049
9487
-1067
129
2092
-4382
8675
7102
-442
-2117
-962
223
8434
-6713
-3745
-5358
3936
-7623
-9349
-468
3022
-9273
-8576
6548
808
-3317
3504
5064
1635
1899
5124
5818
-3154
-3500
4155
9608
9333
1979
-603
-5110
-6436
5538
-5679
3783
174
5868
-7794
5223
-4256
-2012
-3465
4288
-7611
-982
6637
6321
8063
2385
9322
-4591
2115
-6390
-4534
7659
2759
3220
-6623
1934
-867
-3353
-4690
-8044
2981
5762
-4033
7485
6407
-2359
-3626
4941
-5523
8282
-680
-6353
-4637
-9165
3428
7828
-137
7834
-8455
-3053
2657
-6013
2775
9954
72
-3338
-8977
6954
2490
272
-3911
9098
-7323
-5422
-8693
-3372
-6949
9153
9915
422
-3990
-5619
-9068
3834
4291
-8182
2295
1924
9793
-4450
-7930
1299
-4898
8363
-701
-1007
-7013
-3986
-2587
-256
-3383
-579
-7550
4205
2192
223
-9031
-9215
9528
-3200
4777
710
7920
1123
-9064
-1724
-6946
8942
-4338
-1747
4368
-900
7162
-3060
-1798
4790
3995
-5685
5279
2315
-6359
7038
1739
171
-6196
6590
-8070
-3272
-8359
-5932
-9151
1510
2396
2992
773
1360
3380
3979
7426
-8977
-4061
-5955
-9649
9160
5377
7518
2259
5510
-3998
7402
6228
6655
-4494
-2787
-6841
7740
8972
-2252
-2682
-5654
-3655
6326
7301
-8407
-2596
-7143
6704
-5831
6167
6842
-8590
-9985
-3111
4256
-3624
9596
6686
2580
4795
-3713
-5669
-3579
-9274
-5761
-2159
-5805
-3997
-4818
-167
3034
2389
-4369
-3340
3079
4678
-387
-3256
8758
1756
2519
-9187
-1911
9343
-839
5992
6212
-235
1250
-9163
-6437
-8947
-3609
2954
-8969
-9985
9925
5600
3061
3753
-6791
6854
1522
4337
-6867
-5548
5779
3355
3810
9579
6763
2851
7928
-9177
-7725
-4526
6242
-2922
1565
-1752
1629
4430
4754
-5656
-3731
1980
-4003
2678
-4371
3064
4753
4013
3684
-4995
-1453
5666
-709
3752
6210
-5292
-9788
-7143
5956
1672
-5925
712
-6875
-4432
678
5557
-6227
2847
-5966
-5188
-7876
-1220
-7900
-2823
-1932
1153
8455
-6900
-2275
-9255
-5175
-7251
9168
2923
2277
-3390
6183
-7511
868
-3144
-1964
-1228
8474
-6919
-9731
5558
-1146
-9571
-8000
73
-710
-8094
-22
-1129
-7120
9768
3565
-7886
-4316
-4944
-3747
7112
5132
5210
-3153
-8675
1545
203
3292
-5933
9375
-8717
-8022
7178
6777
3353
306
9020
-3093
2510
-7702
8026
-8900
7653
1456
-7082
2772
296
42
2510
3045
4069
6805
-4189
-9397
924
3640
-6737
6235
8945
-5988
8652
-2862
7933
699
-1994
9929
2800
2095
-472
-539
4546
5207
3175
-7242
-1772
6011
7479
-6246
-6072
-1447
-8752
-9840
-9219
1022
-4695
-5521
6167
6575
-4148
9713
-2958
-7216
-2038
-1502
-6354
887
-6832
-3046
-6551
-7011
9972
8201
-9487
-6952
8500
8862
-6370
-6947
2375
4913
6162
9510
2306
391
-7236
8492
-3644
-3090
-4607
-6473
-6238
6225
-3757
-184
-7582
1761
-2756
-5324
9112
7342
2843
524
-9696
-9062
-1418
-6953
9647
7734
2523
-3556
-9152
3113
-5800
939
-6449
-2467
479
7572
-4266
-4845
-5469
6258
-8439
9923
9228
-6254
1958
698
-9371
-3262
1617
8955
-6058
5034
-7930
-4363
9205
1367
-8192
9717
8845
-1377
4387
8949
-7321
650
2025
5304
-3735
4886
-8718
-327
8943
3956
2811
6586
-1037
-9618
-8289
-5164
1090
-1051
7105
-4215
4828
-8106
-829
-834
-1131
7915
-1672
9112
5763
-3983
-3690
5908
-8130
-7388
7243
-1422
1721
6655
-5567
-4257
-4545
-8057
-9989
-14
-7777
-4515
6674
8823
-344
6973
-1373
-104
1519
-1399
-5879
-9215
-8522
-7142
-3565
-1650
-3442
-7830
3911
2925
-2354
6903
4715
-3650
-6861
3134
3115
4435
-5485
1361
-9670
2884
-8118
9186
-3057
-6616
-8760
-495
-544
8790
7391
6415
-5611
3270
8492
6458
-2901
-1137
220
6083
9186
-6716
-1967
-2914
-7661
-4679
771
324
5684
6522
-6143
4192
-4619
-9843
-1729
1237
8903
-7707
5916
-6949
-2890
7053
2715
5121
5535
1232
2513
-8556
-2142
-3319
-3965
-5748
-5785
-1568
2175
7046
-5149
4797
6846
-8378
2613
916
3822
2934
4932
-6801
1034
-5768
-5002
-2746
7556
-5195
2948
-2831
-1028
-7867
570
2913
1552
1108
2809
-674
-7535
-998
487
9606
-23
6949
-2017
1226
-3614
-5895
-4552
4293
438
6195
-6770
9781
-9812
2335
-9803
-1719
6447
-9396
-874
-8771
1305
7047
9461
41
-3524
1938
-6755
-4263
-1186
-6713
-1549
-5180
-7553
5327
3223
4085
6249
3773
-9132
3450
9357
8655
6731
2778
8903
789
2724
9217
911
-5472
2879
-8139
9876
-742
-1699
2931
7488
7942
-5250
4448
-9140
9712
-4521
-2850
-2257
8411
7334
-5138
9113
-3888
2032
-7326
9736
5676
-8128
2650
-9685
-3318
1138
5687
9215
-5972
4827
-5714
408
-3411
-5056
3189
-2974
-9709
6598
8307
-978
-3580
2590
9646
3175
-419
-4966
-9508
3455
-2138
-9897
-5202
2496
205
-7875
-5800
-2615
5651
2616
806
-3197
-937
5234
6832
-5115
-8807
6742
-8846
3466
-5856
7836
8821
-485
3726
3652
3316
-6914
-7773
9476
735
-8353
646
-7769
1352
-6075
28
1790
-9797
-5537
-9256
-4196
1376
-2324
-4209
1503
9960
1187
5759
4761
1982
2839
-6120
-2974
-689
26
-8718
5283
8770
6554
-1190
-8886
-4842
6175
-8119
-842
6158
-3168
-6119
2907
4857
-597
6539
6691
2722
8341
-3540
1145
-6277
-7778
3693
-7872
-2673
-2533
-2507
7896
7768
-6381
2921
-8675
-7358
4746
3020
-6351
5654
9631
-9354
5201
-4205
6634
5346
3128
-2695
-7148
9904
-7422
6300
-2810
4304
971
-6434
138
1559
6548
-7139
-3319
3787
7692
-1318
-6015
1390
2538
3911
-7444
264
-9890
6383
2890
-8963
3092
7694
1260
-4651
-2910
-3123
-9435
4824
-5525
-2437
-5085
-8404
578
-684
-8050
7760
2504
-6813
6473
-9212
-1028
-4157
-7045
-3481
-8190
-4756
-7193
9217
-5252
2588
9794
-3805
-6590
-3847
-8788
3277
2306
-5211
-5531
-330
-7704
1857
-688
128
-6234
-7612
-9188
-6778
1961
-5204
7761
6924
9911
2101
2065
-2752
4739
-5259
-6461
-8154
-5930
-8652
75
1887
-2230
8720
8187
-5576
-1897
-1327
-4547
-2285
8718
-3197
8493
7115
6532
2827
-7248
9422
-5569
9586
-2745
9953
4827
-7131
-3715
1309
4088
3964
8539
-2435
-8750
-7377
-4401
-9053
-8218
7425
-7642
-4954
-5798
6388
5119
-6713
9344
46
8206
3107
3609
4951
717
-8089
-8012
-5883
7415
-5515
4094
123
7060
-5100
2435
-3122
337
4140
135
7888
-3536
6095
-8797
7545
5333
9107
469
7707
5220
-1957
-5534
-6032
-9391
-5219
-5337
3179
7700
9138
-6753
6628
-4423
7134
-4792
-8886
-3146
1659
-9636
7458
2612
7325
-3949
-9021
3153
-8545
-6419
-7889
1903
6065
9618
1610
1442
-5718
-1103
-629
-9982
125
-486
2279
-9764
9257
-822
1200
893
3508
2311
-669
886
-9912
691
-6327
8743
3011
-4905
7896
-8008
-6513
816
9154
-8801
-7448
-8725
-8365
9520
1637
-4815
-8706
-1764
5838
-8904
6729
-7856
-1914
7221
3355
-1854
4851
86
9645
-856
4250
1225
1815
-4626
5945
2868
8432
9188
1001
-2622
6531
9310
360
1079
7685
7982
-2457
1680
9257
-1677
1016
-8905
5049
8993
3962
-8471
656
5791
1740
-8378
2983
6206
-7259
-1141
6376
2501
2568
697
-6925
-8408
-2026
5708
-4122
-9566
-9659
712
-1929
-7739
-2700
3675
-5892
168
-9534
2836
-3714
-6931
904
-6981
-6484
1428
8158
-5344
4960
-1721
-9658
6625
-3823
2079
4902
-7461
-3662
9545
-4103
74
-7180
4486
3893
-7157
733
7507
-8666
9087
2788
5113
7515
-7185
5740
-95
-7427
3307
-8404
-452
-2819
1647
-6566
-6682
-9253
7600
-9909
-6284
-5466
5992
-2640
-5240
-2663
-5437
-5730
392
16
1800
-824
-1939
2286
-3991
94
9072
1868
9848
764
7528
-9115
6272
-494
-8406
-9058
6790
2364
4251
-3361
9503
3739
6294
-7249
-2983
2973
-4658
1727
-1973
-2224
2952
8545
-4653
9890
773
-5870
3536
7262
-8829
-8447
-5637
1450
-9101
-3165
-7436
-7169
-1738
-3514
-4235
-6182
547
2199
19
-6248
514
8061
2883
-4691
-4731
3037
-5249
-2655
-6159
2072
7813
8983
5538
6383
8733
7464
-2593
9529
1192
2698
-7724
-1948
2839
-542
-9813
-5815
-5290
8857
-4039
-5791
7229
-9248
-1474
-8405
-625
2713
1248
-1773
1993
-1865
6802
7019
-2391
-1172
-978
-6418
-2707
1880
-2246
-1699
6411
1019
-8993
7322
-8525
-7539
-4778
-6576
-4879
-8916
-1673
-4106
-8617
9632
4843
7061
457
3942
-2992
-3980
-3784
9181
-2465
-6943
5896
-4742
-9557
-5989
-9565
6606
6892
2830
1103
7661
-2202
-3790
9745
1204
-9881
-3087
-2510
-2176
-6895
908
9808
908
5635
-2023
3985
1962
3126
3352
-5128
-8267
-7915
7231
-6517
7951
-8574
6218
-7982
-8789
-7011
-1484
-5808
5497
4792
-6278
1833
-1367
7316
9253
3822
-9906
8530
8393
6075
6627
-6751
-5012
-377
2467
26
-1526
-6521
-6460
-2042
-631
5576
568
-7274
-8206
-223
-6098
-5105
-3722
-5166
4589
-3284
-5689
6116
1912
6144
-4649
4646
3873
9530
-5222
-6796
-6307
-8844
-3144
4701
6439
-3406
-449
1186
4516
-4964
-9348
-2461
-4577
-1853
-8735
-4094
5522
-524
-80
5199
2251
3558
-8515
-89
8939
-1128
7711
6323
-5326
3828
-393
-5990
-6820
-3836
1883
-588
5871
-2907
3339
7308
5345
5093
319
-447
-3936
6772
693
-6235
4878
9446
9125
-5603
-390
-420
953
135
9671
6946
5763
-2434
-1117
3228
-3489
-9313
5430
6642
-5642
9259
6264
1854
36
-1572
6137
2612
9855
7158
-6762
1933
-6154
-7834
8180
3946
-8555
-4771
4703
-4790
4401
3601
5212
-8253
-259
8926
1330
-4228
-1576
-7884
-1418
-369
4123
-577
2413
1434
-2499
-6976
-591
696
-1740
6998
-275
3795
-3103
-2262
3099
3597
-613
4938
1783
-8718
-4015
219
-7760
758
-5954
4517
-7887
1111
7098
365
-5813
7738
-1424
3608
7810
4424
-247
-3255
-3556
8421
5821
-5993
6950
7403
-6125
-8584
4851
-7997
-4173
7734
6385
3487
333
-2700
-6354
-6096
-2818
-8345
-2613
2985
-9089
8298
3598
7895
2811
1987
-4781
3289
-72
8675
-6156
-7359
-1506
3363
-4539
-8022
3269
-5163
-3117
-7370
9667
-9891
-4716
9365
3980
701
-2595
-8724
-39
3906
-2759
-1902
9358
3460
7510
7523
409
9056
-5408
1888
6198
-8439
2075
-2848
3890
3743
-5008
6971
-8162
-8332
635
-7656
4772
-5243
3319
-9199
3014
4234
-6085
-7890
-5418
-6058
-6672
6022
1433
5747
-6716
5034
5853
-2061
1569
4214
-9755
4996
-3568
8105
-1966
8132
-4525
-9764
-4292
435
9438
-1707
-6729
-5104
3326
4600
-9859
6709
-5492
6175
5141
-7518
-2694
2255
8234
6054
5719
8144
459
-41
-8883
3899
99
6421
-7901
9777
8326
5214
2767
4882
-1242
-6322
6402
4147
-5496
5035
2751
-3463
-7580
-1316
4893
9144
-6569
5394
9074
7764
-2311
4177
9872
1981
-7587
-2668
-222
5750
-683
-4461
8194
-3150
-7203
3549
6275
-5073
-6058
-374
-2584
1463
-3920
3159
-2250
-6802
-6698
-818
5723
-8225
5066
-8027
467
4705
7347
-5665
2088
-5852
5342
-9215
2469
-8574
3900
-9348
-5171
8966
6842
-4100
-6261
-1128
2409
-34
5202
3805
-2022
-2389
1684
4531
-3574
6674
-1321
3231
1609
-1998
-9316
-2657
5072
-6511
-497
8463
-8539
2126
-415
-6844
7157
-4010
7563
-4573
-1670
-1215
-3643
7402
-4557
-3150
-633
-4901
-3228
6662
-3273
-264
2652
7557
7722
8669
2107
9239
-183
-4102
9969
7486
-6107
3352
6398
-4723
-2589
-9718
-9620
2046
6649
-8013
49
-3744
-3799
7642
317
1277
-2212
-5241
8636
5585
-9429
8410
6762
9768
-4189
-6096
4404
917
1050
7919
6173
1665
-4541
844
-5108
3005
-8996
-9834
9440
-916
-5281
4726
-9987
-5261
9688
-3605
1356
-9920
-1648
-9171
1450
-4942
-2738
-5617
6914
-4517
6591
6630
9467
-6494
-4122
-536
-9005
8730
-4185
8385
-9204
5357
2750
7312
273
-2378
-4681
-449
866
-4154
8396
2022
-9920
9416
2548
4324
-7435
221
-3532
1114
-5598
-8925
3930
9409
6415
-5626
-9301
5933
-6794
5256
3731
-8716
8925
-8698
-4401
6000
-2669
1040
556
-6172
9740
7711
3518
1068
-2912
-5432
6550
-9950
959
1555
-3102
775
2261
4702
3982
9721
-8574
3342
-9103
-4101
-3078
-614
-3655
5611
2115
7112
3098
8778
3817
6549
-3008
1525
9665
-7361
1374
-3309
-2442
-7138
2320
1846
-2176
-9352
-5026
1651
-1643
-7045
-977
-5777
-2680
-4122
4573
3990
142
-5343
6907
354
1366
7908
8953
-24
1470
7772
-3766
4410
-5437
5374
1110
-379
-6673
-2709
2163
8565
-8979
-949
8075
-3727
-5589
4695
-2746
-840
-1912
-1125
1457
-2062
-8025
3002
-8618
5008
-4267
-8980
5326
-350
-6091
-7657
-9624
52
4415
564
-2912
2983
1846
9402
-9105
-9971
3715
6009
2969
-8910
-3417
634
-4058
6672
654
-207
-8112
-7405
-3685
8297
2435
1562
3991
6103
-6112
-7694
1966
-7488
4655
8678
-1325
-1978
1859
3847
-2394
4271
7314
-1313
-2021
1428
4223
-4034
-9968
-9709
-1575
5100
5079
8655
8997
4116
-9545
7781
-6263
6118
8130
5527
8993
5744
5514
8590
-1936
1203
-8647
4292
2416
8562
8775
2095
-935
6384
2479
3201
4616
4887
-5927
-3532
1529
3699
-2323
-1212
-2773
3312
-6485
-9461
8222
894
-5716
5741
5718
2080
5278
-8430
3173
-610
-6636
-6980
-5387
-4259
-2124
-136
6325
-7017
-411
-7387
-8363
-2745
-6835
-1149
2045
1661
-6003
-4706
-1934
-3275
1362
4752
-2313
-9186
6070
-8479
4277
-6966
6378
6985
-8895
909
-9973
-4775
1522
-8947
-8145
-4212
-4178
7814
2463
-5756
-6278
-9098
8903
967
-2271
5433
-6304
-5944
-1918
-17
3505
-3552
8029
-1388
5333
-6202
-329
-3645
5587
3291
-3394
2605
-8493
728
-2773
7940
7329
991
-194
8210
9473
252
4262
-2882
1030
-3215
-8088
-4897
3792
8844
9338
2322
-1097
1122
7404
3580
-2803
-7090
-4279
8057
6117
9467
-7773
9173
7638
1118
9395
-1826
-6260
-211
8105
2705
4250
-128
511
-6747
2186
910
7582
-1453
-8114
-5433
2563
6743
3953
4284
-6299
386
3325
3647
742
4419
-4730
1750
-7908
-9995
-1976
5090
-520
9913
-2609
3739
-8637
-5997
-9261
-3367
8072
9031
-9390
4151
-8607
6288
-4672
7174
6170
1550
-3096
-4515
-4781
-6646
-2584
-991
4850
93
9047
-6314
-2566
-7501
-2221
506
5229
7097
-8570
7669
-8844
-1852
-6796
-1440
6003
-2680
6213
-5329
-225
9174
2253
4455
-910
-1903
5580
543
3101
-7462
-130
-3874
2497
8383
8890
1270
-5044
7054
9200
5572
1251
104
8922
-5704
4857
-2341
6018
-1978
-1655
8344
-518
7900
-2858
-7255
9234
5676
7841
-5409
4597
9337
-3080
7237
7406
2690
-2774
5304
-4828
-7227
-741
1935
-6397
8950
-1880
-9360
3420
9671
-9748
-2044
9599
-8570
2080
-2442
-7803
4757
3056
1971
8985
-248
9149
-6787
3430
-9636
-7543
9863
-1348
4015
2699
-3769
7071
9553
-7513
3244
8763
6411
4741
533
-221
-3499
-675
9564
5424
-116
-5007
3166
-2743
9362
5039
-7352
9635
5256
6320
5420
-6376
-3955
8505
-6762
6493
-1742
1988
9405
-3029
4021
886
-9955
8944
8836
-1205
-4213
-9984
-7477
-7808
2483
-9573
9586
-2210
-6454
5372
-709
2605
-709
8977
51
-3403
-8186
-6767
-2933
-381
2718
7907
1502
4040
-8480
4514
-80
2592
-8598
8998
-5052
4223
-1579
567
-749
-7369
7111
3063
-6163
4993
-5961
8255
4959
-2133
-2798
5653
-7303
-9572
6920
-2577
-929
6813
1876
-784
6078
-2119
-1485
-1516
-9329
7970
507
-3007
-3613
-5452
424
5069
-5817
8725
-275
-2580
-513
-1248
9397
2075
-4420
4463
-7053
-6365
-3162
-4132
1817
-508
5673
3980
-74
-1865
-7653
9206
4489
-8630
4116
-1374
2392
-4132
-5514
7046
1867
410
7443
2133
1469
-6027
703
-500
7937
-9681
7416
9802
-6364
-8386
-5067
-5120
-8355
4804
-3848
-8986
1321
2408
4623
-7712
2722
-5022
-5765
-1646
3304
-9140
6360
3529
-2412
-1466
-7405
2537
-3808
4705
4399
-2157
8790
-3828
6043
-394
719
-7454
5569
2874
6438
-764
-3019
7589
9716
-6529
-4276
9460
5788
5155
9412
-3510
9739
-7652
6196
7076
-6040
-6113
2213
5102
9020
2396
8689
-3059
-9596
8310
-7775
-4852
6366
-4984
1569
176
-590
1361
1917
-5933
3880
8772
3814
-5883
-7191
-6864
6750
1038
5294
-2092
-1895
6441
-23
8967
-4354
-3168
333
-9533
3855
-5959
548
-9961
7184
-8595
-8754
-9424
-6907
772
-6415
-764
7081
-1623
432
2128
-6804
-4812
74
-1904
2292
5883
5647
-2349
1647
2496
204
-4215
5172
7399
9370
-5263
9843
-1058
7506
-2125
3520
3840
-8413
2408
-7130
-7767
-9958
-4022
-2548
-3942
828
9728
-3992
7849
5771
-9543
6758
-7763
-1825
7972
-1605
-7103
-1608
-5313
1202
5462
-4596
-4305
1402
8849
-607
-1862
872
-7443
8609
-644
-6399
7667
-4775
58
5841
-331
-9802
-4411
-8332
476
9777
7324
-8372
8913
-2020
7605
-9233
9534
9480
622
-4553
6900
-8794
-2591
6830
4347
4576
-1396
6665
-7311
-1144
-6549
9240
-3586
6857
9091
7013
8118
-7869
8727
-7302
-7197
-6982
-9275
5685
-1919
-5933
2489
868
1789
-2629
1338
-6923
-2014
-6091
-3299
6461
7816
3229
-8507
5093
1595
-1075
8980
-8381
6325
8084
5214
-7945
-1111
-9409
-7350
7403
-9248
-2076
-7356
3882
-9520
1725
-1252
280
-7914
7736
-5124
5318
7519
-9627
1254
-7495
156
-7370
9198
-5112
-9362
-6366
1104
3878
-5961
9106
9360
-3
-1147
434
-8021
1197
-5279
3935
-7675
-9938
-8736
2820
5981
-3909
-5520
1213
3006
3860
-5952
-6339
-5900
5952
-3170
2709
1900
-3741
-8606
7762
6765
7119
6820
-1234
-157
-8626
2365
8752
-8573
1653
5756
3680
597
-6417
8049
1191
-8760
7337
-3350
3107
-9593
-575
629
7244
-171
-9623
5006
-6592
-6834
6144
8534
5721
-198
-3041
7171
-4793
-6758
2498
-7024
4606
3727
-4271
-214
-8648
8104
369
3065
-9483
7903
5639
1469
4564
9610
-1712
7355
-2661
-3511
9576
8938
-535
-3631
-1044
5585
-4717
3120
-9965
-6123
-6363
-3588
2842
-2051
-1258
4360
2044
9381
4678
9639
-723
9141
9461
-2687
4488
-4495
-2472
-5325
-6031
6112
-8486
-395
-168
8718
-6334
3561
3512
-1763
-5230
145
-5497
-1768
8069
-3509
-573
4105
-4939
-2310
-7274
-9796
-2435
-1092
-7324
-2300
7212
-9565
9478
-7848
1881
-6550
-1943
-9393
-850
-6076
-7637
4033
6581
4124
-5718
5182
-9153
-6193
4610
-5468
5136
-8956
-8928
2969
7886
-9617
-9556
9838
-8052
-6236
-1454
2607
-3072
-7869
-8495
-6770
4084
1359
6356
-8680
-7912
-6105
9082
4144
-5873
5394
7525
938
-6592
-2455
9357
-6242
4298
8144
2565
6168
9364
-3492
-5734
1498
-6994
-1781
8659
-4614
5378
-243
-2895
4449
2618
-8949
-8902
-512
-2549
3290
-7556
1240
-8038
-3072
-1159
-7508
-7141
-494
6430
4404
-5593
-5212
8309
-1216
-433
-4662
-6133
-2425
-2907
-5142
8314
3869
-4764
3696
8767
4371
-1712
-6925
8320
-7644
-3553
-132
6308
-8992
5700
-8676
4205
2435
7667
-8226
-1362
3500
1790
-5745
-9022
590
1449
8322
-5118
-2720
7184
3523
-7605
-7407
4976
-1425
-3996
-1733
-1838
4471
4204
9785
1186
4073
-2043
4539
-1520
7300
3084
-1758
1134
1433
-92
-4681
6220
-5186
-7921
-9019
2718
-1824
-7078
-33
8194
1040
-4828
2924
-2527
3715
-3967
-2876
5321
-4062
-5727
-6804
-2430
-1146
-7687
7718
6298
-3561
-7891
4149
-4763
6640
6146
-4249
-6386
7077
-3627
161
-3504
-4978
5549
9986
1548
-5763
-8409
-9854
-1100
5033
-2934
4766
1267
-4040
2922
-4804
-2841
-3288
7750
-2635
-7500
-5639
-5317
-3721
-3933
-1226
-5271
-8447
4894
9422
-690
396
-2659
5872
-9372
299
389
-5712
1648
-6668
-2737
-7833
-1183
-8736
9373
-2657
-7119
9278
-6282
950
8593
6903
9328
9008
-2339
-7866
-9662
-730
3918
-7226
